[Nom]
Paris
2.327291203008258,48.83702036396709,0

[Préfecture]
Paris
2.351985636156357,48.85655297403604,0

[Limites longitude, latitude]
2.32996166,48.90116052,0 2.33433747,48.90122362,0 2.35185445,48.90151934,0 2.36582721,48.90160668,0 2.37026988,48.90165047,0 2.38942366,48.90118528,0 2.3979338,48.89285916,0 2.39862482,48.88940773,0 2.40032016,48.88374400000001,0 2.40752596,48.88052343,0 2.41067075,48.87847244000001,0 2.41325317,48.87311439,0 2.414701,48.85822139,0 2.415404820000001,48.85526406,0 2.41634901,48.84924183,0 2.41586843,48.84663577,0 2.4164766,48.8346999,0 2.42294304,48.84271233,0 2.42744957,48.8416305,0 2.43704672,48.84116448,0 2.44282885,48.84554541,0 2.44755263,48.84489403000001,0 2.46465964,48.84153359,0 2.46729649,48.83912207000001,0 2.46960336,48.83607274000001,0 2.464972980000001,48.82998419000001,0 2.46616269,48.82666647000001,0 2.46117416,48.81826827,0 2.45662548,48.81699666,0 2.41991748,48.82392139,0 2.40322279,48.82916262,0 2.39397789,48.82756759,0 2.38989247,48.82591574,0 2.36880232,48.81755476000001,0 2.364419180000001,48.81608275,0 2.36002311,48.81560733000001,0 2.35557294,48.81585975000001,0 2.35262179,48.81831382,0 2.34405939,48.81595084,0 2.33201494,48.81693957,0 2.32814942,48.81906044,0 2.31376201,48.8221053,0 2.30951484,48.82307505,0 2.30103361,48.82506714000001,0 2.2971127,48.82598352,0 2.28951515,48.8281746,0 2.28532083,48.82979871000001,0 2.27187292,48.82836305,0 2.2630166,48.83400208,0 2.26274458,48.83382126000001,0 2.25759724,48.83460075000001,0 2.24803344,48.84632363000001,0 2.2239428,48.85321362,0 2.22576689,48.85932681000001,0 2.23276249,48.86949788,0 2.23646546,48.87084917,0 2.24563822,48.87634783000001,0 2.25526038,48.87463826000001,0 2.26025242,48.88021371000001,0 2.27998518,48.87852623,0 2.2842822,48.88576295,0 2.29996444,48.89226663000001,0 2.30377954,48.89404723,0 2.31615362,48.89874135000001,0 2.31986199,48.90074607,0 2.324917960000001,48.90087342,0 2.32996166,48.90116052,0

[Limites XY]
6.50879129441931,125.656710272869,0 6.51199973334421,125.656753305434,0 6.52484389413953,125.65697530158,0 6.53508787452118,125.656989245789,0 6.53834510871283,125.65701187295,0 6.55238242409831,125.656384317454,0 6.55855053573452,125.647078075298,0 6.55902796789188,125.643236372526,0 6.5602232583007,125.636929118993,0 6.56548066854794,125.633308118739,0 6.56776998225028,125.631010268149,0 6.56961968795592,125.625038316861,0 6.57055890165628,125.608470416978,0 6.5710509470113,125.605178264941,0 6.57169423980152,125.598476903566,0 6.57132014218171,125.59558179321,0 6.57166837660044,125.582306901634,0 6.57648003890156,125.591181095033,0 6.57977873287529,125.589954119882,0 6.58681869506766,125.589385301171,0 6.59109679951037,125.594226416201,0 6.59455840954859,125.593477778267,0 6.60708770104575,125.589654774928,0 6.60900488946645,125.586960286223,0 6.61067528712389,125.583558306357,0 6.6072306580144,125.576811344327,0 6.60807908175354,125.573116457366,0 6.60435305665478,125.563803419837,0 6.60100340029608,125.56241241787,0 6.57410603711617,125.570303695884,0 6.56189317353224,125.576222722231,0 6.55509283131806,125.574500909334,0 6.55207942128954,125.572687327858,0 6.53652178003329,125.56351258924,0 6.53329021290326,125.561901709026,0 6.5300579519829,125.561399173217,0 6.52679251279216,125.561706410263,0 6.52464788594952,125.564452762405,0 6.51833908010067,125.561877305977,0 6.509504298559,125.563050794029,0 6.5066860188834,125.565433019254,0 6.49615160494395,125.568909374964,0 6.49304276961243,125.570014803209,0 6.48683559376372,125.572284551139,0 6.48396610660567,125.573329008078,0 6.47841034707863,125.575815145899,0 6.47534759672534,125.577648751127,0 6.4654609400517,125.576142662794,0 6.45901798079261,125.58247290913,0 6.45881643367386,125.582273722369,0 6.45504628669009,125.58317582542,0 6.44815042590058,125.596276783161,0 6.43054679006539,125.604108781712,0 6.43195187079342,125.610892902488,0 6.43719420158382,125.62215211662,0 6.43992494888905,125.623628308448,0 6.44671163319947,125.629677711867,0 6.4537508765951,125.62770980767,0 6.45747038836602,125.633874880429,0 6.47192481908925,125.631864748654,0 6.47514919688654,125.639882855792,0 6.48671309961828,125.647011484477,0 6.48952782440542,125.648966687153,0 6.49864551887951,125.654107043017,0 6.50138339844067,125.656312723304,0 6.50509109829581,125.656422523423,0 6.50879129441931,125.656710272869,0
