[Nom]
Territoire-de-Belfort
6.887273831687282,47.71310123970805,0

[Préfecture]
Belfort
6.855833053588901,47.64222335815401,0

[Limites longitude, latitude]
6.915727470000001,47.47824744,0 6.913510030000001,47.48136248,0 6.907624430000001,47.49456031,0 6.920058780000001,47.49783527000001,0 6.92299886,47.50017057000002,0 6.93126022,47.49776102,0 6.93855939,47.48652392,0 6.94268678,47.48492725,0 6.94539095,47.48729751000001,0 6.949134590000001,47.48570686000001,0 6.944825390000001,47.49826747000001,0 6.94720771,47.51041759,0 6.94501498,47.51335202000001,0 6.94092152,47.51507347,0 6.937587760000001,47.51743136,0 6.934624850000001,47.51777419,0 6.92533394,47.51953894,0 6.921155,47.52028095000001,0 6.90789294,47.52707560000001,0 6.91592183,47.53040775,0 6.91027867,47.53965840000001,0 6.90699801,47.54220239000001,0 6.90644271,47.54549483,0 6.899602250000001,47.54982758,0 6.889843010000002,47.55008499000001,0 6.88733753,47.55284117000001,0 6.88402402,47.55517849,0 6.88002125,47.55365956000001,0 6.859886960000001,47.54756324,0 6.855726870000002,47.54795065,0 6.850633140000001,47.5481409,0 6.830649360000001,47.54644751,0 6.81666993,47.54793433,0 6.81456206,47.55087164,0 6.807009510000001,47.56281176000001,0 6.80983538,47.5687119,0 6.81776283,47.57179343,0 6.8217394,47.5733245,0 6.82102525,47.57434311,0 6.82012596,47.57550310000001,0 6.81694881,47.57808619,0 6.8041193,47.58305827,0 6.8023306,47.58965861,0 6.791314980000001,47.59629801,0 6.79329701,47.59928495,0 6.79125841,47.60197576,0 6.789356160000001,47.60470633,0 6.788238830000001,47.6048843,0 6.785665080000001,47.61136928,0 6.77787841,47.61541677,0 6.778743660000001,47.62211227000001,0 6.780422090000001,47.62527407,0 6.79108381,47.62689176,0 6.7924672,47.6300368,0 6.799876960000001,47.63764403,0 6.79834606,47.64400894000001,0 6.790712690000001,47.64789626,0 6.787497560000001,47.65166794,0 6.784522500000001,47.65434839,0 6.777245120000001,47.66600624000001,0 6.77865863,47.67587869,0 6.78192289,47.68714965,0 6.780157120000001,47.68978363,0 6.77926333,47.69295361,0 6.770089500000001,47.703411,0 6.771591240000001,47.71258726,0 6.75908426,47.72281916,0 6.76045079,47.73582901000001,0 6.75959451,47.73916752,0 6.75894251,47.74207488,0 6.75765294,47.74788901000001,0 6.77114549,47.76451019000001,0 6.77459165,47.76674715,0 6.78626717,47.78230009,0 6.807198710000001,47.79244374,0 6.82468742,47.80966186000001,0 6.82354523,47.81306498000001,0 6.841836770000001,47.82480174000001,0 6.84618735,47.82295712,0 6.842976220000001,47.81368563000001,0 6.862210190000001,47.78745548,0 6.86497506,47.78461845,0 6.88744633,47.77997722,0 6.8917037,47.77835141000001,0 6.902098960000001,47.776458,0 6.90755481,47.77773051,0 6.918980910000001,47.77401134000001,0 6.922370530000001,47.77210317000001,0 6.92346463,47.7700781,0 6.938484420000002,47.77083699,0 6.9745556,47.75148645000001,0 6.993457510000002,47.74675871,0 6.998439310000001,47.74583855,0 7.011694010000001,47.74164003,0 7.015796540000001,47.74347535,0 7.01881323,47.73740758,0 7.020608720000001,47.73445219,0 7.029420840000001,47.72839393,0 7.03209712,47.72619567,0 7.03521088,47.72411482,0 7.037428280000002,47.72156553,0 7.029382600000001,47.70868167,0 7.02758355,47.70538359,0 7.035751400000001,47.69498153,0 7.03866237,47.69259241,0 7.03636209,47.69223579,0 7.038652590000001,47.68795348,0 7.04380247,47.68029368,0 7.037649770000001,47.67515453000001,0 7.041676510000001,47.67242371,0 7.04529875,47.67038488000001,0 7.03525077,47.65967286,0 7.03775584,47.65346258000001,0 7.03925542,47.65040148,0 7.03449367,47.64946781,0 7.019814060000001,47.6506911,0 7.017188700000001,47.64813889000001,0 7.01658465,47.64505471,0 7.01354196,47.62976081000001,0 7.01053818,47.63016103,0 7.00694433,47.62643122000001,0 7.007610680000001,47.62158397,0 7.006187530000001,47.6193436,0 7.007661630000002,47.6074719,0 7.01125214,47.60571454,0 7.00842341,47.60386417000001,0 7.009229500000001,47.59939866,0 7.017452340000001,47.59686885,0 7.01728196,47.59117216000001,0 7.01958239,47.58839426000001,0 7.02437618,47.58913782,0 7.0253962,47.59239444,0 7.041425800000001,47.59982732000001,0 7.07452551,47.59886941,0 7.074790980000001,47.59885857,0 7.078409530000001,47.59686270000001,0 7.08539535,47.59306378,0 7.086804330000001,47.58765367,0 7.08633439,47.58491557,0 7.08874192,47.58355548,0 7.09289194,47.57695164,0 7.09436753,47.57350302,0 7.102390090000001,47.5706056,0 7.10827132,47.56181231000001,0 7.107542640000001,47.55858927,0 7.107632300000001,47.55365649,0 7.10622815,47.55134431,0 7.11407083,47.54798472,0 7.11864267,47.54731868,0 7.12803779,47.54183946000001,0 7.13158496,47.54029606000001,0 7.13281766,47.53920876,0 7.13668402,47.53368697000001,0 7.13790116,47.53066189,0 7.13910778,47.52752188,0 7.142183810000001,47.52503338000001,0 7.136610690000001,47.50825964000001,0 7.130353510000002,47.50303969000001,0 7.125801760000001,47.50224568000001,0 7.11063473,47.49490557,0 7.096733570000001,47.49514419,0 7.078815190000001,47.48906662,0 7.03624746,47.49901036,0 7.03156231,47.50001128,0 7.02440721,47.50422068,0 7.01944024,47.50414219,0 6.982913930000001,47.49426748,0 6.988604000000001,47.48559714,0 6.986651130000001,47.47602523000001,0 6.98850425,47.47304939000001,0 6.99152476,47.46912553,0 6.991780760000002,47.46643006,0 7.00000795,47.46434281000001,0 6.99801996,47.45150058,0 6.98972775,47.44798663,0 6.97029497,47.44706319000001,0 6.962594100000001,47.43532412,0 6.944055770000001,47.43379306,0 6.93918812,47.43370745,0 6.936742150000001,47.4361384,0 6.934959910000001,47.44703067,0 6.932265880000001,47.45276911000001,0 6.932333470000001,47.45583083,0 6.9298823,47.45854019000001,0 6.919382780000002,47.46821873,0 6.90736081,47.47290159000001,0 6.90984883,47.47494776,0 6.915727470000001,47.47824744,0

[Limites XY]
9.94788235021536,124.146315949999,0 9.94604291983924,124.149689463047,0 9.94089066469286,124.164113717833,0 9.95006057933045,124.168211285159,0 9.95214249465538,124.17091229379,0 9.95848743277948,124.168547988352,0 9.96459830817646,124.156353792113,0 9.96779099052116,124.154737286347,0 9.96969330439253,124.157468818703,0 9.97259713146203,124.155844818349,0 9.96865938966547,124.169619033093,0 9.96977624716839,124.183189583276,0 9.96796506649454,124.1863630005,0 9.96479257298093,124.188119241208,0 9.96215606450612,124.19061030922,0 9.95991001097183,124.190879588542,0 9.95282905831199,124.192489817963,0 9.94964712143091,124.193156932301,0 9.93930561375419,124.20020150881,0 9.94515606095319,124.204197930169,0 9.94040661290999,124.214251893362,0 9.93780189126126,124.21695254121,0 9.93720380237228,124.2205851168,0 9.93182711517122,124.22513846506,0 9.92448171244622,124.225062184981,0 9.92244887116881,124.228027678274,0 9.91983215501146,124.2304985943,0 9.91690836136446,124.228665243306,0 9.90211489618959,124.221158812526,0 9.89896854813112,124.221435876424,0 9.89513150819576,124.221460098281,0 9.88020957491953,124.218850251774,0 9.86962703522858,124.219991116191,0 9.86788585218593,124.223173916275,0 9.86157276386363,124.23614933123,0 9.86337907017935,124.242798932768,0 9.86916705522928,124.246506145672,0 9.87207094603406,124.248349674843,0 9.87147993601745,124.249454010294,0 9.87074232981712,124.250708504699,0 9.8682179657294,124.25345940225,0 9.85831878137225,124.258511550965,0 9.8566228741892,124.265771066454,0 9.84799937895168,124.272740797857,0 9.84932776375848,124.276126881259,0 9.84765417290589,124.279039311789,0 9.8460809453636,124.282000829281,0 9.84523291131863,124.282158055587,0 9.84295604771432,124.289261736156,0 9.83689782790135,124.293473210468,0 9.83719123133159,124.300934374201,0 9.83828237204776,124.304503386594,0 9.84619463211279,124.306682321746,0 9.84706467505071,124.31022227076,0 9.85221645525585,124.31893148596,0 9.8507282111224,124.325939409998,0 9.8447963801764,124.329977937677,0 9.84218447301169,124.334047676652,0 9.83981098648998,124.336915202811,0 9.83373505769019,124.349590871485,0 9.83426999971998,124.360597478474,0 9.83611703546299,124.373222597155,0 9.83465382901693,124.376082252608,0 9.8338156073853,124.379568066761,0 9.82638748350379,124.390844466084,0 9.82702568315248,124.40108175498,0 9.8171170869824,124.411989906405,0 9.81745229836821,124.426476855514,0 9.81663468988063,124.430151365953,0 9.81599287494153,124.433354689518,0 9.81472023561277,124.439761231453,0 9.82393770776275,124.458689208849,0 9.82639755953027,124.461295092222,0 9.83430516289341,124.478974296224,0 9.8494186890259,124.490985048972,0 9.86157126191325,124.510726086328,0 9.86053433790785,124.514461473029,0 9.87357390542151,124.528151029127,0 9.87692522519202,124.52626230319,0 9.87502637965241,124.515855965565,0 9.89082927759938,124.487448752369,0 9.89305133402082,124.48440160878,0 9.91011199002164,124.480076774427,0 9.91338543898741,124.478429552708,0 9.92126507343551,124.47671244802,0 9.92527626883487,124.478326558611,0 9.93402807693024,124.474623276438,0 9.93666897315999,124.472631774141,0 9.93759920072921,124.47042524396,0 9.94879356048436,124.471827220374,0 9.97685954223231,124.451707897664,0 9.99127018382835,124.447176097117,0 9.99505032489962,124.446343894679,0 10.0052071890251,124.442188701302,0 10.0081741346807,124.444381425966,0 10.0107749113845,124.437763495062,0 10.0122859986069,124.434552632906,0 10.0192257487672,124.428166901856,0 10.0213539922595,124.425830079264,0 10.0238032771513,124.423640365575,0 10.025608207389,124.4208966291,0 10.0203142312827,124.406292798907,0 10.0191537029185,124.40256448344,0 10.0258615734391,124.391335180255,0 10.028177915386,124.388795863428,0 10.0264749188249,124.388311977028,0 10.0284340811746,124.383648260495,0 10.032728041326,124.375346853817,0 10.028409559324,124.369408501638,0 10.0315823763123,124.366533004754,0 10.0344129674337,124.364409937955,0 10.0274903856305,124.352138660861,0 10.029720865033,124.345344102032,0 10.0310189840379,124.342005208947,0 10.0275018995606,124.340786579057,0 10.016426629022,124.341582086952,0 10.0146024793628,124.338649989388,0 10.0143237973015,124.335204839513,0 10.0129055953145,124.318119241607,0 10.0106300683647,124.318448738663,0 10.008144739405,124.314173332323,0 10.0089177619973,124.308820424743,0 10.0079764033718,124.306280390736,0 10.0097513745411,124.293164312136,0 10.0125446648458,124.291351362891,0 10.0105263580857,124.289190412566,0 10.0113830360806,124.284266477448,0 10.0176969259421,124.281773481619,0 10.0178909025651,124.275446310248,0 10.0197745886564,124.272452098356,0 10.0233308001412,124.273460535025,0 10.0239120704845,124.277112894112,0 10.0355206930779,124.285974876516,0 10.0604148505648,124.286189725985,0 10.0606146918356,124.28618798846,0 10.0634446795721,124.284113909005,0 10.0689055748113,124.280170325575,0 10.0702739809363,124.274222687656,0 10.0700785973355,124.271166554743,0 10.0719639743954,124.269751201783,0 10.0754592987792,124.26258597571,0 10.0767656560599,124.258817331615,0 10.0829560540051,124.255915669415,0 10.0878798587774,124.246389734304,0 10.0875188355591,124.242785446037,0 10.0878711142991,124.23731630034,0 10.086950028697,124.234696163688,0 10.0930349839052,124.231275802207,0 10.0965076404551,124.230716058242,0 10.1038827999984,124.225006126596,0 10.1066371682988,124.223433341114,0 10.1076264114103,124.222275576214,0 10.1108522399556,124.216301861525,0 10.1119427408725,124.212993764341,0 10.1130321291276,124.209557772706,0 10.1154884526363,124.20691833559,0 10.1122762961395,124.18808975505,0 10.1078760481225,124.182052294703,0 10.1045002790984,124.180992363828,0 10.0935223277767,124.172253939058,0 10.0830564467321,124.171974981466,0 10.0699323296437,124.164534241265,0 10.0373572327925,124.173920128006,0 10.0337778808006,124.174850505366,0 10.0281600551712,124.179246078585,0 10.0244303309826,124.178968632641,0 9.99752259559476,124.166619908466,0 10.0022876078641,124.157216357515,0 10.0013555356283,124.146522160249,0 10.0029163868459,124.143290954509,0 10.0054088249312,124.139052406514,0 10.0057527265238,124.136071574367,0 10.0120597978572,124.134069317703,0 10.011286119637,124.119745399568,0 10.0052429470024,124.115530860447,0 9.99066922174586,124.113768520362,0 9.9855274829047,124.100452763063,0 9.97165675351039,124.098054767436,0 9.96799699889471,124.097776707751,0 9.96602101985408,124.100381948015,0 9.96407661785906,124.112400088897,0 9.96173164287176,124.118665881156,0 9.96161319645245,124.122065447565,0 9.95961890318959,124.124979631494,0 9.95118468854068,124.135325260657,0 9.94188256279267,124.140072468524,0 9.94364177528447,124.14243550729,0 9.94788235021536,124.146315949999,0
