[Nom]
Hauts-de-Seine
2.262005435015837,48.80299816218087,0

[Préfecture]
Nanterre
2.2088890075684,48.89055633544901,0

[Limites longitude, latitude]
2.31152186,48.94791697,0 2.31654323,48.94709117,0 2.33477039,48.94151215,0 2.33590434,48.93149094,0 2.32825394,48.92269332000001,0 2.325499660000001,48.92053621,0 2.322036370000001,48.91887323000001,0 2.32053723,48.91617693,0 2.31710147,48.91502607000001,0 2.31359764,48.91395597,0 2.31612144,48.9108011,0 2.31986199,48.90074607,0 2.31615362,48.89874135000001,0 2.30377954,48.89404723,0 2.29996444,48.89226663000001,0 2.2842822,48.88576295,0 2.27998518,48.87852623,0 2.26025242,48.88021371000001,0 2.25526038,48.87463826000001,0 2.24563822,48.87634783000001,0 2.23646546,48.87084917,0 2.23276249,48.86949788,0 2.22576689,48.85932681000001,0 2.2239428,48.85321362,0 2.24803344,48.84632363000001,0 2.25759724,48.83460075000001,0 2.26274458,48.83382126000001,0 2.2630166,48.83400208,0 2.27187292,48.82836305,0 2.28532083,48.82979871000001,0 2.28951515,48.8281746,0 2.2971127,48.82598352,0 2.30103361,48.82506714000001,0 2.30951484,48.82307505,0 2.31376201,48.8221053,0 2.32814942,48.81906044,0 2.33201494,48.81693957,0 2.32888526,48.81356899000001,0 2.323157,48.80969473,0 2.31893986,48.80992784000001,0 2.3249001,48.80421237000001,0 2.3238395,48.80151591,0 2.32250711,48.79814531,0 2.31853816,48.78802439,0 2.32240148,48.78691043,0 2.32562625,48.78182361,0 2.31990552,48.77071373,0 2.3165063,48.76684832,0 2.31146636,48.75801202,0 2.31190308,48.75172939,0 2.32045508,48.7489985,0 2.31632932,48.73366388,0 2.30415595,48.72934672,0 2.30304108,48.73255523,0 2.30218068,48.73906251,0 2.2787581,48.73427152000001,0 2.27580221,48.74043599,0 2.27899299,48.74292734,0 2.28266007,48.74512221000001,0 2.2762589,48.75657904000001,0 2.2715134,48.75755622,0 2.26484741,48.76103975,0 2.25492363,48.76065579000001,0 2.23250846,48.76595012,0 2.23289636,48.76913224000001,0 2.22881879,48.77488993000001,0 2.22635691,48.78150284000001,0 2.2238615,48.78449348,0 2.20909851,48.78679738,0 2.20943581,48.79343982000001,0 2.20249755,48.79833056,0 2.18303366,48.79722837000001,0 2.18507961,48.80007117000001,0 2.17672374,48.8139913,0 2.17274604,48.81521719,0 2.16120027,48.81271106000001,0 2.15730149,48.81464659000001,0 2.15041207,48.8189411,0 2.15041045,48.81939048,0 2.15079543,48.82247387000001,0 2.14860944,48.8284742,0 2.14763296,48.8312049,0 2.14585658,48.83669349000001,0 2.14585743,48.84015372,0 2.14972837,48.846568,0 2.15957045,48.84755375000002,0 2.15783084,48.85049006000001,0 2.15055712,48.85845077000001,0 2.15365517,48.86440525,0 2.15322953,48.86918678000001,0 2.1503617,48.87110382000001,0 2.15558526,48.87728709,0 2.15795875,48.88046320000002,0 2.1669787,48.89313045000001,0 2.16921917,48.89573092000001,0 2.17426557,48.89906318000001,0 2.1963268,48.90695502,0 2.20056187,48.90881128,0 2.21669812,48.91793254,0 2.22031814,48.9205244,0 2.22731709,48.92543793000001,0 2.2308717,48.92785864,0 2.24363819,48.93435787,0 2.2475092,48.93682324,0 2.25184395,48.93873164,0 2.26888573,48.94657911000001,0 2.28871992,48.95069577,0 2.293400230000001,48.95055379000001,0 2.31152186,48.94791697,0

[Limites XY]
6.49572667804724,125.708818848783,0 6.49939651480267,125.707868604059,0 6.51269453463705,125.701550695387,0 6.51343145136897,125.690400155153,0 6.5077430875693,125.680664741093,0 6.50570430829048,125.678283284029,0 6.50315048683687,125.676455823354,0 6.50202606269844,125.673467048635,0 6.49949701559539,125.672209046164,0 6.49691874982981,125.671041391967,0 6.49873807145582,125.667517223886,0 6.50138339844067,125.656312723304,0 6.49864551887951,125.654107043017,0 6.48952782440542,125.648966687153,0 6.48671309961828,125.647011484477,0 6.47514919688654,125.639882855792,0 6.47192481908925,125.631864748654,0 6.45747038836602,125.633874880429,0 6.4537508765951,125.62770980767,0 6.44671163319947,125.629677711867,0 6.43992494888905,125.623628308448,0 6.43719420158382,125.62215211662,0 6.43195187079342,125.610892902488,0 6.43054679006539,125.604108781712,0 6.44815042590058,125.596276783161,0 6.45504628669009,125.58317582542,0 6.45881643367386,125.582273722369,0 6.45901798079261,125.58247290913,0 6.4654609400517,125.576142662794,0 6.47534759672534,125.577648751127,0 6.47841034707863,125.575815145899,0 6.48396610660567,125.573329008078,0 6.48683559376372,125.572284551139,0 6.49304276961243,125.570014803209,0 6.49615160494395,125.568909374964,0 6.5066860188834,125.565433019254,0 6.509504298559,125.563050794029,0 6.50717440821824,125.559322622829,0 6.5029311102403,125.555050857648,0 6.499836389368,125.555336674492,0 6.50415908047807,125.548944257271,0 6.5033544481497,125.545952835416,0 6.50234366713359,125.542213597871,0 6.4993312117894,125.530985738676,0 6.50215888219044,125.529722761358,0 6.50447979983261,125.524046735604,0 6.50017000851491,125.511730446284,0 6.49763464466276,125.507454352803,0 6.49384473931816,125.497662165254,0 6.49410490098987,125.49067426204,0 6.50036611079243,125.487583583922,0 6.49718511882509,125.470560742835,0 6.48818999680756,125.46583918013,0 6.48740149243228,125.469413595448,0 6.48683264192687,125.476653930489,0 6.46955982632298,125.47148212833,0 6.46744882931037,125.478355626611,0 6.46982044664633,125.481104025629,0 6.47253905816832,125.483519718539,0 6.46794916262282,125.496300416034,0 6.46447068537228,125.497418933888,0 6.45960655312227,125.501337375236,0 6.45230801453978,125.500978857923,0 6.43588878846901,125.507022959852,0 6.43620825936507,125.510558115614,0 6.433274023862,125.51698881016,0 6.43153693551522,125.524358897511,0 6.42973608610487,125.527701968625,0 6.41891508748385,125.530371142095,0 6.41923684052062,125.537753944025,0 6.41419496806623,125.54324290699,0 6.39988562501973,125.542163612108,0 6.40142107231769,125.545308814882,0 6.39544508496557,125.5608495062,0 6.39253853930566,125.562243041844,0 6.38403108552021,125.55954604475,0 6.3811911138378,125.561728545062,0 6.37618366580197,125.566557609576,0 6.3761878524491,125.567057266812,0 6.37650738420926,125.570482507668,0 6.37497441455897,125.577171310479,0 6.37429036228625,125.580215208526,0 6.37305241641981,125.586331880559,0 6.37309465884292,125.590179204107,0 6.37601245409424,125.597280430158,0 6.38324662712724,125.598299142498,0 6.3820048783277,125.601577579206,0 6.37676276080409,125.610486170216,0 6.37910667933368,125.617082521492,0 6.37885145066784,125.622402456,0 6.37677077458835,125.624556617479,0 6.38067574941801,125.631390746852,0 6.38245414533215,125.634903717067,0 6.38921763948516,125.64891855847,0 6.39089074254612,125.65179279485,0 6.39462925357433,125.65545924147,0 6.41089173081427,125.664067648815,0 6.41401690708662,125.666100202827,0 6.42594488114553,125.676124114056,0 6.42862623765732,125.678979911536,0 6.43380856728736,125.684393184746,0 6.43643937762098,125.687059518919,0 6.44586264589172,125.69419616726,0 6.4487247196699,125.696910523469,0 6.45192036711999,125.699002463623,0 6.46448514860019,125.70761186524,0 6.47905379060054,125.712056914718,0 6.48248016957256,125.711868255901,0 6.49572667804724,125.708818848783,0
