[Nom]
Seine-Saint-Denis
2.488050655155888,48.88773482129057,0

[Préfecture]
Bobigny
2.4419438838959,48.907779693604,0

[Limites longitude, latitude]
2.415404820000001,48.85526406,0 2.414701,48.85822139,0 2.41325317,48.87311439,0 2.41067075,48.87847244000001,0 2.40752596,48.88052343,0 2.40032016,48.88374400000001,0 2.39862482,48.88940773,0 2.3979338,48.89285916,0 2.38942366,48.90118528,0 2.37026988,48.90165047,0 2.36582721,48.90160668,0 2.35185445,48.90151934,0 2.33433747,48.90122362,0 2.32996166,48.90116052,0 2.324917960000001,48.90087342,0 2.31986199,48.90074607,0 2.31612144,48.9108011,0 2.31359764,48.91395597,0 2.31710147,48.91502607000001,0 2.32053723,48.91617693,0 2.322036370000001,48.91887323000001,0 2.325499660000001,48.92053621,0 2.32825394,48.92269332000001,0 2.33590434,48.93149094,0 2.33477039,48.94151215,0 2.31654323,48.94709117,0 2.31152186,48.94791697,0 2.293400230000001,48.95055379000001,0 2.28871992,48.95069577,0 2.29213035,48.95159578,0 2.28930133,48.95643761,0 2.28843922,48.95897241,0 2.29478089,48.96408824000001,0 2.29860076,48.96634518,0 2.30508612,48.96297712,0 2.3131525,48.96221515000001,0 2.32457683,48.95797521,0 2.32831575,48.95965695000002,0 2.33062242,48.95742751,0 2.33329731,48.95537866000001,0 2.34093977,48.96444622,0 2.34922503,48.96717761000001,0 2.35405641,48.96581196,0 2.36178513,48.97316075,0 2.36614169,48.97422019,0 2.37090367,48.97287995,0 2.37591284,48.97201572,0 2.37914765,48.97158327,0 2.38242348,48.97128552000001,0 2.40315471,48.95776897,0 2.40736931,48.956122,0 2.41051126,48.95748609,0 2.41743168,48.95937783,0 2.42222042,48.95852079000002,0 2.43562963,48.95550893,0 2.44540261,48.95663280000001,0 2.44855199,48.95526393000001,0 2.45599026,48.955769,0 2.45946834,48.95504655000001,0 2.46672014,48.96335159000001,0 2.49111285,48.97319893,0 2.495984710000001,48.97271627000001,0 2.49719241,48.97479954,0 2.50049753,48.97528034,0 2.50149166,48.97881968000001,0 2.51143727,48.98081857,0 2.53263339,49.00433924,0 2.55218817,49.00642644,0 2.55303554,49.00981276000001,0 2.56121478,49.01217908,0 2.56576489,49.01239422,0 2.571508,49.00152759,0 2.57581691,49.00027984,0 2.57979808,48.98685506000001,0 2.57649095,48.98035548,0 2.56621632,48.97551389,0 2.59010372,48.95262156,0 2.59188881,48.94934658,0 2.59379905,48.94659252,0 2.59778143,48.93813626,0 2.60266486,48.93276031,0 2.60257921,48.92935446,0 2.59613849,48.92603445,0 2.59231473,48.92501817,0 2.58876158,48.90948714000001,0 2.5927058,48.90752855,0 2.59099876,48.90694804,0 2.58655917,48.90513302,0 2.587208990000001,48.89853509,0 2.55938568,48.88533405,0 2.56320532,48.88309803,0 2.570598990000001,48.87876988,0 2.56795296,48.86594109,0 2.58225411,48.86539126,0 2.58730618,48.86500330000001,0 2.58684138,48.86183171,0 2.582496700000001,48.85619661000001,0 2.57382151,48.85338309,0 2.58415072,48.83742809,0 2.58625943,48.83425016,0 2.58665089,48.82788608000001,0 2.59112333,48.82663632,0 2.59531108,48.81745084,0 2.59577153,48.81425918,0 2.59225409,48.80743604,0 2.56998607,48.81508535,0 2.56847606,48.81827895,0 2.56776946,48.82466161,0 2.53895366,48.83875262000001,0 2.53423565,48.84406319000001,0 2.518252270000001,48.84877106,0 2.51563296,48.85138138,0 2.51365409,48.85016203,0 2.510721,48.85270081000001,0 2.50392736,48.85723031,0 2.49969883,48.85567323,0 2.49637493,48.85990182,0 2.48151861,48.86140366,0 2.476829910000001,48.86031278,0 2.45427597,48.85542095,0 2.44708928,48.85114976,0 2.44228422,48.85230359000001,0 2.41895022,48.84932995,0 2.41634901,48.84924183,0 2.415404820000001,48.85526406,0

[Limites XY]
6.5710509470113,125.605178264941,0 6.57055890165628,125.608470416978,0 6.56961968795592,125.625038316861,0 6.56776998225028,125.631010268149,0 6.56548066854794,125.633308118739,0 6.5602232583007,125.636929118993,0 6.55902796789188,125.643236372526,0 6.55855053573452,125.647078075298,0 6.55238242409831,125.656384317454,0 6.53834510871283,125.65701187295,0 6.53508787452118,125.656989245789,0 6.52484389413953,125.65697530158,0 6.51199973334421,125.656753305434,0 6.50879129441931,125.656710272869,0 6.50509109829581,125.656422523423,0 6.50138339844067,125.656312723304,0 6.49873807145582,125.667517223886,0 6.49691874982981,125.671041391967,0 6.49949701559539,125.672209046164,0 6.50202606269844,125.673467048635,0 6.50315048683687,125.676455823354,0 6.50570430829048,125.678283284029,0 6.5077430875693,125.680664741093,0 6.51343145136897,125.690400155153,0 6.51269453463705,125.701550695387,0 6.49939651480267,125.707868604059,0 6.49572667804724,125.708818848783,0 6.48248016957256,125.711868255901,0 6.47905379060054,125.712056914718,0 6.48156051259137,125.713035285264,0 6.47953707621645,125.718438053563,0 6.47893115047955,125.721262468348,0 6.48362576896127,125.726909697108,0 6.48644496234628,125.729394550429,0 6.49116036121357,125.725607210295,0 6.49705930834606,125.724708205366,0 6.50538416520446,125.719921149602,0 6.50813803237673,125.721767919943,0 6.50980610349385,125.719274397863,0 6.51174567247721,125.716979470431,0 6.5174265873426,125.72701580287,0 6.52351805766726,125.730002868968,0 6.52704296951433,125.728455180257,0 6.53276782143526,125.736581265097,0 6.53596660774065,125.737733712551,0 6.53944079060304,125.736215434505,0 6.54310030619485,125.735225277457,0 6.54546470398253,125.734725707667,0 6.54786034443714,125.734375791349,0 6.56292413669689,125.719228229108,0 6.5659967203493,125.717373510177,0 6.56830895216136,125.718873189764,0 6.57339229203532,125.720939245463,0 6.57689198384651,125.719960426468,0 6.58668741915546,125.716540135202,0 6.59385323376398,125.71773919881,0 6.59614893661776,125.716200823275,0 6.60160009828606,125.716724689445,0 6.60414168862057,125.715903811706,0 6.60951482351811,125.7251031849,0 6.62744625220115,125.735936005986,0 6.63100943288852,125.735376387624,0 6.63190833043758,125.73768745469,0 6.63433126204081,125.73820677339,0 6.63508386810577,125.742138116694,0 6.6423778559623,125.74431549677,0 6.65804775911359,125.770378317296,0 6.67236812650356,125.772616558729,0 6.67300939514702,125.776378947012,0 6.67900771404034,125.778976961246,0 6.68233760847671,125.779197817107,0 6.68647331736433,125.767090166128,0 6.68961864342132,125.765685537215,0 6.69245224238364,125.750740543124,0 6.68999300173812,125.74352549642,0 6.682442531193,125.738182176747,0 6.69979727454853,125.712631359545,0 6.70108581249799,125.70898269302,0 6.70246916399574,125.705912873852,0 6.7053382108442,125.696494350493,0 6.70888564473216,125.690498071489,0 6.70880383039648,125.686711027883,0 6.70406579162511,125.683043081342,0 6.70125808593444,125.681927366796,0 6.69856450873577,125.664670350847,0 6.70144433131949,125.662477429522,0 6.70018970466693,125.661838375614,0 6.69692482286556,125.659837041094,0 6.69736281636459,125.652497750217,0 6.67688255023371,125.637928784852,0 6.67966983112944,125.635426845976,0 6.68506585187621,125.630584365179,0 6.68304715525566,125.616329931436,0 6.69353521740839,125.615662094747,0 6.69723919329555,125.615211214183,0 6.69687975767691,125.611686360298,0 6.69365912462639,125.605437225693,0 6.68727694464663,125.60234277598,0 6.69476283056935,125.584561554972,0 6.69629210870768,125.581019825113,0 6.69654241474024,125.573942011984,0 6.69981859231809,125.572535296058,0 6.70284069431924,125.56230607216,0 6.70316062700247,125.558755535559,0 6.70053850034351,125.551182206304,0 6.68423068914523,125.559774176487,0 6.68314127370873,125.563331183563,0 6.68266128732067,125.570430919092,0 6.66159683616429,125.586218530519,0 6.65816874711914,125.592143782267,0 6.6464704246234,125.597448953789,0 6.64456608310617,125.600363198129,0 6.64310563753179,125.599016294978,0 6.64097077861732,125.601852532346,0 6.636017377003,125.606920127271,0 6.63290386349594,125.60520833497,0 6.63049497949812,125.609925747997,0 6.61960618355291,125.611666241344,0 6.6161582506574,125.610475943915,0 6.59957348155737,125.605148574833,0 6.59426707018289,125.600436021068,0 6.59075018437038,125.601743786986,0 6.57360379099249,125.598560807729,0 6.57169423980152,125.598476903566,0 6.5710509470113,125.605178264941,0
