[Nom]
Val-de-Marne
2.47647610201841,48.76029141217083,0

[Préfecture]
Créteil
2.4608330726624,48.79333114624,0

[Limites longitude, latitude]
2.54428931,48.69844832,0 2.54019066,48.69899471,0 2.53105501,48.69978299000001,0 2.52788074,48.70437229,0 2.52911008,48.70630284000001,0 2.52610355,48.70861771,0 2.51927146,48.71270017,0 2.51796647,48.71591104000001,0 2.51545792,48.72907476000001,0 2.51004044,48.73466363000001,0 2.5054763,48.73470613000001,0 2.48453452,48.72907128,0 2.48010208,48.72791719000001,0 2.47535958,48.72759922,0 2.4729683,48.72756602,0 2.46800777,48.72696038000002,0 2.4503339,48.72150459,0 2.45093177,48.71535594,0 2.44655918,48.71591643000001,0 2.44245406,48.72116128,0 2.43981295,48.72516342000002,0 2.43511028,48.72408878000001,0 2.4305174,48.72352621,0 2.41424739,48.71781226,0 2.414713750000001,48.72084015,0 2.41099897,48.72604769,0 2.3865645,48.72009296000001,0 2.3706858,48.72016949,0 2.37041739,48.72530194000001,0 2.37041902,48.72786362,0 2.37035302,48.73089181,0 2.36982039,48.74605608,0 2.36487166,48.74568971000001,0 2.35451295,48.73864398000001,0 2.35042308,48.74050508000001,0 2.34073502,48.74090124,0 2.33073067,48.74810068,0 2.32799839,48.75013184,0 2.32045508,48.7489985,0 2.31190308,48.75172939,0 2.31146636,48.75801202,0 2.3165063,48.76684832,0 2.31990552,48.77071373,0 2.32562625,48.78182361,0 2.32240148,48.78691043,0 2.31853816,48.78802439,0 2.32250711,48.79814531,0 2.3238395,48.80151591,0 2.3249001,48.80421237000001,0 2.31893986,48.80992784000001,0 2.323157,48.80969473,0 2.32888526,48.81356899000001,0 2.33201494,48.81693957,0 2.34405939,48.81595084,0 2.35262179,48.81831382,0 2.35557294,48.81585975000001,0 2.36002311,48.81560733000001,0 2.364419180000001,48.81608275,0 2.36880232,48.81755476000001,0 2.38989247,48.82591574,0 2.39397789,48.82756759,0 2.40322279,48.82916262,0 2.41991748,48.82392139,0 2.45662548,48.81699666,0 2.46117416,48.81826827,0 2.46616269,48.82666647000001,0 2.464972980000001,48.82998419000001,0 2.46960336,48.83607274000001,0 2.46729649,48.83912207000001,0 2.46465964,48.84153359,0 2.44755263,48.84489403000001,0 2.44282885,48.84554541,0 2.43704672,48.84116448,0 2.42744957,48.8416305,0 2.42294304,48.84271233,0 2.4164766,48.8346999,0 2.41586843,48.84663577,0 2.41634901,48.84924183,0 2.41895022,48.84932995,0 2.44228422,48.85230359000001,0 2.44708928,48.85114976,0 2.45427597,48.85542095,0 2.476829910000001,48.86031278,0 2.48151861,48.86140366,0 2.49637493,48.85990182,0 2.49969883,48.85567323,0 2.50392736,48.85723031,0 2.510721,48.85270081000001,0 2.51365409,48.85016203,0 2.51563296,48.85138138,0 2.518252270000001,48.84877106,0 2.53423565,48.84406319000001,0 2.53895366,48.83875262000001,0 2.56776946,48.82466161,0 2.56847606,48.81827895,0 2.56998607,48.81508535,0 2.59225409,48.80743604,0 2.596479130000001,48.80606974,0 2.59303672,48.80029799,0 2.59152439,48.79736130000001,0 2.59656726,48.79647049,0 2.59879629,48.79335579,0 2.59671281,48.79020558000001,0 2.58865818,48.78140566,0 2.58711586,48.77461395,0 2.6064328,48.77330448,0 2.61479866,48.76111532000001,0 2.59753008,48.76056925000001,0 2.59953337,48.75075062000001,0 2.58774372,48.74407171000001,0 2.59408766,48.73523075000001,0 2.594655,48.73180496,0 2.580387650000001,48.72298144000001,0 2.57094974,48.71172975000001,0 2.56811241,48.70897493,0 2.56878368,48.70722086000001,0 2.5715744,48.70265909,0 2.57432354,48.70099794000001,0 2.57632341,48.69618593,0 2.57224579,48.69496263,0 2.57163509,48.69201557,0 2.56689586,48.69182708000001,0 2.549071670000001,48.68909172,0 2.54831139,48.69243685,0 2.54428931,48.69844832,0

[Limites XY]
6.66461278331709,125.430198533474,0 6.66159989934813,125.430823486998,0 6.65488175176205,125.431739422867,0 6.6525762015489,125.436855654111,0 6.65349363676945,125.438996613121,0 6.65129674739787,125.44158349567,0 6.64629725638575,125.446152728326,0 6.64535889890741,125.449728410465,0 6.64360314950216,125.464375162001,0 6.63965703064792,125.470613517068,0 6.63630066171491,125.470681694468,0 6.62085830656815,125.464515319315,0 6.61758970887123,125.46325357037,0 6.61409907952231,125.462923122498,0 6.61233994995344,125.462897923789,0 6.6086867415955,125.462249039572,0 6.59564452776974,125.456272343864,0 6.59603680034171,125.4494332604,0 6.59282420442143,125.45007886606,0 6.58984522922524,125.455931294458,0 6.58793391948006,125.460394608931,0 6.58446621769185,125.459224471404,0 6.58108324287218,125.45862327644,0 6.56906798781365,125.452358107908,0 6.56943602971231,125.455721940958,0 6.56674650794341,125.461531969262,0 6.54872212217741,125.455048406542,0 6.53704179844218,125.455225414268,0 6.53688984350154,125.460933185825,0 6.53691375102899,125.46378123136,0 6.53689205298158,125.467148343653,0 6.5366348666157,125.484011153171,0 6.53299292120002,125.483632973439,0 6.52531235378279,125.47586125941,0 6.52232178166294,125.47795509864,0 6.51520134619007,125.478454594462,0 6.50791255806827,125.486520853017,0 6.50592289139675,125.488796176281,0 6.50036611079243,125.487583583922,0 6.49410490098987,125.49067426204,0 6.49384473931816,125.497662165254,0 6.49763464466276,125.507454352803,0 6.50017000851491,125.511730446284,0 6.50447979983261,125.524046735604,0 6.50215888219044,125.529722761358,0 6.4993312117894,125.530985738676,0 6.50234366713359,125.542213597871,0 6.5033544481497,125.545952835416,0 6.50415908047807,125.548944257271,0 6.499836389368,125.555336674492,0 6.5029311102403,125.555050857648,0 6.50717440821824,125.559322622829,0 6.509504298559,125.563050794029,0 6.51833908010067,125.561877305977,0 6.52464788594952,125.564452762405,0 6.52679251279216,125.561706410263,0 6.5300579519829,125.561399173217,0 6.53329021290326,125.561901709026,0 6.53652178003329,125.56351258924,0 6.55207942128954,125.572687327858,0 6.55509283131806,125.574500909334,0 6.56189317353224,125.576222722231,0 6.57410603711617,125.570303695884,0 6.60100340029608,125.56241241787,0 6.60435305665478,125.563803419837,0 6.60807908175354,125.573116457366,0 6.6072306580144,125.576811344327,0 6.61067528712389,125.583558306357,0 6.60900488946645,125.586960286223,0 6.60708770104575,125.589654774928,0 6.59455840954859,125.593477778267,0 6.59109679951037,125.594226416201,0 6.58681869506766,125.589385301171,0 6.57977873287529,125.589954119882,0 6.57648003890156,125.591181095033,0 6.57166837660044,125.582306901634,0 6.57132014218171,125.59558179321,0 6.57169423980152,125.598476903566,0 6.57360379099249,125.598560807729,0 6.59075018437038,125.601743786986,0 6.59426707018289,125.600436021068,0 6.59957348155737,125.605148574833,0 6.6161582506574,125.610475943915,0 6.61960618355291,125.611666241344,0 6.63049497949812,125.609925747997,0 6.63290386349594,125.60520833497,0 6.636017377003,125.606920127271,0 6.64097077861732,125.601852532346,0 6.64310563753179,125.599016294978,0 6.64456608310617,125.600363198129,0 6.6464704246234,125.597448953789,0 6.65816874711914,125.592143782267,0 6.66159683616429,125.586218530519,0 6.68266128732067,125.570430919092,0 6.68314127370873,125.563331183563,0 6.68423068914523,125.559774176487,0 6.70053850034351,125.551182206304,0 6.70363370296568,125.549647090107,0 6.70107237631202,125.543242533374,0 6.69994464318515,125.539983015539,0 6.70364389717084,125.538973496499,0 6.70526369600955,125.535501984237,0 6.70371523779955,125.532007139023,0 6.69774680881177,125.522253302137,0 6.69657404287362,125.514707775016,0 6.71076251905692,125.513179336797,0 6.71684451133082,125.499596462864,0 6.70414770317853,125.499052629565,0 6.70556492150284,125.488128388193,0 6.69685815256148,125.480747170179,0 6.70147241615765,125.47089340176,0 6.7018701078745,125.467082399146,0 6.6913245177896,125.457327116546,0 6.68431391245871,125.444854773739,0 6.68220953991318,125.44180335915,0 6.68269281572576,125.439850496803,0 6.68471880106434,125.434767587121,0 6.68673192918649,125.432909799686,0 6.68817496928683,125.427551965428,0 6.6851665206379,125.426208103277,0 6.6846992672124,125.422934059173,0 6.68120982247583,125.422743528859,0 6.66807297971118,125.419775865673,0 6.66753462178964,125.423498096398,0 6.66461278331709,125.430198533474,0
