[Nom]
Martinique
-61.072998,14.608834,0.000000

[Préfecture]
Fort de France
-61.072998,14.608834,0.000000

[Limites longitude, latitude]
-61.071739,14.606375,0.000000 -61.047707,14.595079,0.000000 -61.039467,14.604382,0.000000 -61.024361,14.607040,0.000000 -61.024361,14.601060,0.000000 -61.018181,14.583118,0.000000 -61.011314,14.563846,0.000000 -60.993462,14.553877,0.000000 -61.003761,14.540585,0.000000 -61.017494,14.539255,0.000000 -61.030540,14.539920,0.000000 -61.038094,14.555207,0.000000 -61.058006,14.551219,0.000000 -61.063499,14.541249,0.000000 -61.077919,14.539920,0.000000 -61.086845,14.531944,0.000000 -61.090965,14.523303,0.000000 -61.095772,14.508014,0.000000 -61.082726,14.499372,0.000000 -61.090965,14.493389,0.000000 -61.079979,14.482088,0.000000 -61.081352,14.470785,0.000000 -61.068993,14.466131,0.000000 -61.058006,14.454163,0.000000 -61.047020,14.461477,0.000000 -61.045647,14.472780,0.000000 -61.011314,14.476104,0.000000 -60.998955,14.470120,0.000000 -60.989342,14.477434,0.000000 -60.980415,14.481423,0.000000 -60.974922,14.469455,0.000000 -60.964622,14.472115,0.000000 -60.933723,14.464136,0.000000 -60.914497,14.467461,0.000000 -60.900078,14.450838,0.000000 -60.891838,14.454828,0.000000 -60.878792,14.469455,0.000000 -60.861626,14.469455,0.000000 -60.862312,14.454828,0.000000 -60.871925,14.456158,0.000000 -60.876732,14.448179,0.000000 -60.882225,14.452833,0.000000 -60.882912,14.446184,0.000000 -60.880165,14.439534,0.000000 -60.892525,14.419585,0.000000 -60.877419,14.398968,0.000000 -60.856819,14.396308,0.000000 -60.847893,14.415595,0.000000 -60.839653,14.410940,0.000000 -60.838280,14.414930,0.000000 -60.847893,14.422910,0.000000 -60.845833,14.428895,0.000000 -60.839653,14.422245,0.000000 -60.833473,14.428895,0.000000 -60.823174,14.447514,0.000000 -60.824547,14.455493,0.000000 -60.812187,14.462807,0.000000 -60.820427,14.470120,0.000000 -60.823174,14.475439,0.000000 -60.814934,14.475439,0.000000 -60.810127,14.481423,0.000000 -60.816307,14.492060,0.000000 -60.823174,14.494054,0.000000 -60.825233,14.512667,0.000000 -60.832100,14.514662,0.000000 -60.836906,14.521309,0.000000 -60.826607,14.522638,0.000000 -60.826607,14.530615,0.000000 -60.829353,14.539255,0.000000 -60.821114,14.543243,0.000000 -60.823174,14.547896,0.000000 -60.834846,14.546566,0.000000 -60.837593,14.553213,0.000000 -60.826607,14.567169,0.000000 -60.830727,14.567834,0.000000 -60.841026,14.557200,0.000000 -60.841713,14.564511,0.000000 -60.847893,14.565840,0.000000 -60.843773,14.571157,0.000000 -60.852013,14.569827,0.000000 -60.852013,14.577802,0.000000 -60.847206,14.585776,0.000000 -60.853386,14.593750,0.000000 -60.868492,14.592421,0.000000 -60.873985,14.599731,0.000000 -60.867805,14.603053,0.000000 -60.871239,14.609033,0.000000 -60.876045,14.610362,0.000000 -60.877419,14.614349,0.000000 -60.869865,14.619664,0.000000 -60.895958,14.620993,0.000000 -60.893211,14.630959,0.000000 -60.894585,14.639596,0.000000 -60.898705,14.646239,0.000000 -60.905571,14.647568,0.000000 -60.893211,14.650889,0.000000 -60.881538,14.658197,0.000000 -60.884285,14.666832,0.000000 -60.909691,14.664840,0.000000 -60.917244,14.660854,0.000000 -60.926170,14.654211,0.000000 -60.934410,14.659525,0.000000 -60.934410,14.665504,0.000000 -60.941963,14.668825,0.000000 -60.937157,14.680782,0.000000 -60.930977,14.688088,0.000000 -60.920677,14.691409,0.000000 -60.909691,14.693402,0.000000 -60.901451,14.696058,0.000000 -60.891838,14.688088,0.000000 -60.883598,14.694730,0.000000 -60.900764,14.701372,0.000000 -60.909004,14.700043,0.000000 -60.913124,14.714655,0.000000 -60.928917,14.707349,0.000000 -60.934410,14.712662,0.000000 -60.926170,14.723952,0.000000 -60.939217,14.718639,0.000000 -60.945396,14.723288,0.000000 -60.944710,14.735242,0.000000 -60.940590,14.745866,0.000000 -60.928917,14.751178,0.000000 -60.910378,14.746530,0.000000 -60.909691,14.737234,0.000000 -60.895958,14.736570,0.000000 -60.894585,14.743210,0.000000 -60.897331,14.751843,0.000000 -60.898705,14.761138,0.000000 -60.889778,14.766450,0.000000 -60.880165,14.761802,0.000000 -60.874672,14.769770,0.000000 -60.884972,14.779065,0.000000 -60.901451,14.769770,0.000000 -60.908318,14.765786,0.000000 -60.917244,14.759811,0.000000 -60.926857,14.763130,0.000000 -60.939903,14.757819,0.000000 -60.949516,14.749850,0.000000 -60.953636,14.739890,0.000000 -60.963249,14.740554,0.000000 -60.962563,14.750514,0.000000 -60.967369,14.757819,0.000000 -60.971489,14.763130,0.000000 -60.963936,14.769106,0.000000 -60.969429,14.771098,0.000000 -60.976982,14.765786,0.000000 -60.983162,14.778401,0.000000 -60.995522,14.788360,0.000000 -61.005135,14.798982,0.000000 -61.003761,14.808940,0.000000 -61.014061,14.806949,0.000000 -61.022301,14.816906,0.000000 -61.028481,14.824872,0.000000 -61.031914,14.836156,0.000000 -61.040840,14.832173,0.000000 -61.060066,14.836819,0.000000 -61.064186,14.843457,0.000000 -61.076546,14.845448,0.000000 -61.082726,14.854076,0.000000 -61.089592,14.854740,0.000000 -61.098518,14.864032,0.000000 -61.106758,14.868014,0.000000 -61.114998,14.875314,0.000000 -61.123924,14.874650,0.000000 -61.138344,14.875977,0.000000 -61.172676,14.875314,0.000000 -61.185036,14.870004,0.000000 -61.191902,14.864032,0.000000 -61.208382,14.855404,0.000000 -61.220055,14.840802,0.000000 -61.228981,14.818897,0.000000 -61.220055,14.790352,0.000000 -61.198082,14.766450,0.000000 -61.177483,14.742546,0.000000 -61.185722,14.708677,0.000000 -61.171989,14.678125,0.000000 -61.150017,14.654211,0.000000 -61.133537,14.632288,0.000000 -61.114311,14.629630,0.000000 -61.096458,14.611691,0.000000 -61.088905,14.599066,0.000000 -61.076546,14.600395,0.000000 -61.071739,14.606375,0.000000

[Limites XY]
-47.883292,21.218951 -47.854043,21.195858 -47.839945,21.206490 -47.818552,21.205716 -47.820398,21.197301 -47.817515,21.170207 -47.814097,21.141038 -47.792848,21.121695 -47.810961,21.106052 -47.830080,21.108265 -47.847654,21.113084 -47.853243,21.136857 -47.881609,21.137180 -47.892170,21.124777 -47.912240,21.127207 -47.926871,21.118633 -47.935154,21.107688 -47.946421,21.087576 -47.931282,21.071511 -47.944364,21.065533 -47.932848,21.046337 -47.938192,21.030817 -47.922756,21.020585 -47.911433,21.000459 -47.894204,21.007505 -47.888867,21.023021 -47.841028,21.017520 -47.826010,21.005433 -47.810669,21.012883 -47.797282,21.015855 -47.793453,20.997384 -47.778604,20.998082 -47.738938,20.977728 -47.711736,20.976733 -47.697157,20.949104 -47.684722,20.952290 -47.662512,20.969017 -47.639145,20.963964 -47.644521,20.943605 -47.657204,20.948301 -47.666172,20.938496 -47.672238,20.946656 -47.675193,20.937508 -47.673471,20.927349 -47.696359,20.902925 -47.682028,20.869492 -47.654772,20.859714 -47.636782,20.884217 -47.626971,20.875259 -47.623894,20.880466 -47.634568,20.894501 -47.629951,20.902311 -47.623551,20.891151 -47.613125,20.898687 -47.593471,20.921833 -47.592922,20.933448 -47.573890,20.940098 -47.582883,20.952790 -47.585007,20.961070 -47.573798,20.958650 -47.565445,20.965644 -47.570622,20.982402 -47.579356,20.987222 -47.576499,21.013974 -47.585231,21.018799 -47.589743,21.029552 -47.575334,21.028384 -47.572906,21.039589 -47.574008,21.052533 -47.561592,21.055705 -47.562975,21.062847 -47.579248,21.064422 -47.580955,21.074569 -47.561764,21.090925 -47.567161,21.093076 -47.584406,21.081183 -47.583108,21.091655 -47.591103,21.095348 -47.583879,21.101598 -47.595486,21.102166 -47.593049,21.113368 -47.584077,21.123145 -47.590037,21.136173 -47.610977,21.138782 -47.616205,21.150679 -47.606786,21.153513 -47.609621,21.162931 -47.615746,21.166224 -47.616391,21.172232 -47.604494,21.177455 -47.639552,21.187072 -47.632756,21.200256 -47.631969,21.212798 -47.635525,21.223356 -47.644448,21.227267 -47.626628,21.228252 -47.608518,21.235042 -47.609593,21.247986 -47.644728,21.252759 -47.656222,21.249411 -47.670403,21.242739 -47.679967,21.252664 -47.678122,21.261066 -47.687365,21.267988 -47.677140,21.283354 -47.666484,21.291772 -47.651461,21.293361 -47.635919,21.292879 -47.623905,21.294149 -47.613305,21.280088 -47.600065,21.286957 -47.621331,21.301406 -47.632935,21.302001 -47.634017,21.323754 -47.657731,21.318215 -47.663551,21.327322 -47.648863,21.340715 -47.668233,21.337158 -47.675188,21.345540 -47.670552,21.362127 -47.661661,21.375815 -47.644159,21.379775 -47.620424,21.367693 -47.622370,21.354434 -47.603928,21.349393 -47.600009,21.358304 -47.601065,21.371245 -47.600052,21.384705 -47.586289,21.389487 -47.574682,21.380085 -47.564761,21.389623 -47.575858,21.405752 -47.601104,21.397645 -47.611661,21.394111 -47.625632,21.388398 -47.637655,21.395942 -47.657020,21.392398 -47.672550,21.384089 -47.681237,21.371334 -47.694093,21.375151 -47.690069,21.388939 -47.694329,21.400646 -47.698275,21.409346 -47.686157,21.415471 -47.692999,21.419921 -47.704912,21.414729 -47.709383,21.434314 -47.723072,21.452030 -47.732819,21.469855 -47.727844,21.483433 -47.742459,21.483745 -47.750542,21.500227 -47.756447,21.513291 -47.757578,21.530188 -47.770953,21.527292 -47.795621,21.539648 -47.799138,21.550229 -47.815310,21.556778 -47.820998,21.570786 -47.830121,21.573805 -47.839330,21.589585 -47.849277,21.597691 -47.858177,21.610466 -47.870520,21.612251 -47.889706,21.618513 -47.936603,21.628057 -47.955095,21.624358 -47.966324,21.618049 -47.991478,21.610936 -48.011983,21.593939 -48.031057,21.565809 -48.027903,21.522872 -48.005493,21.482512 -47.984937,21.442586 -48.006774,21.397367 -47.997609,21.350164 -47.975117,21.309841 -47.959475,21.273993 -47.934095,21.264469 -47.915329,21.233844 -47.908946,21.213800 -47.891692,21.211970 -47.883292,21.218951
