[Nom]
Guyane
-52.272949,4.943197,0.000000

[Préfecture]
Cayenne
-52.272949,4.943197,0.000000

[Limites longitude, latitude]
-53.943787,5.787071,0.000000 -54.020691,5.634026,0.000000 -54.031677,5.508280,0.000000 -54.147034,5.355162,0.000000 -54.240417,5.273119,0.000000 -54.366760,5.141827,0.000000 -54.427185,5.037869,0.000000 -54.443665,4.912002,0.000000 -54.476624,4.731369,0.000000 -54.399719,4.583543,0.000000 -54.443665,4.495928,0.000000 -54.432678,4.386395,0.000000 -54.366760,4.178238,0.000000 -54.311829,4.150844,0.000000 -54.355774,4.041262,0.000000 -54.295349,3.997424,0.000000 -54.179993,3.783685,0.000000 -54.048157,3.646644,0.000000 -53.971252,3.575375,0.000000 -54.015198,3.536997,0.000000 -54.009705,3.432820,0.000000 -54.075623,3.306696,0.000000 -54.201965,3.142162,0.000000 -54.196472,2.845936,0.000000 -54.278870,2.681333,0.000000 -54.372253,2.505732,0.000000 -54.443665,2.428899,0.000000 -54.526062,2.335596,0.000000 -54.465637,2.198374,0.000000 -54.322815,2.170928,0.000000 -54.185486,2.192885,0.000000 -54.103088,2.116035,0.000000 -54.064636,2.192885,0.000000 -53.943787,2.231308,0.000000 -53.932800,2.280709,0.000000 -53.817444,2.324618,0.000000 -53.768005,2.374015,0.000000 -53.581238,2.280709,0.000000 -53.438416,2.269731,0.000000 -53.345032,2.357550,0.000000 -53.240662,2.264242,0.000000 -53.273621,2.209352,0.000000 -53.081360,2.225819,0.000000 -52.922058,2.176417,0.000000 -52.850647,2.280709,0.000000 -52.669373,2.384992,0.000000 -52.537537,2.582560,0.000000 -52.554016,2.642922,0.000000 -52.433167,2.906285,0.000000 -52.339783,3.164101,0.000000 -52.251892,3.268307,0.000000 -52.092590,3.476685,0.000000 -51.988220,3.663090,0.000000 -51.927795,3.761760,0.000000 -51.817932,3.887821,0.000000 -51.757507,4.002904,0.000000 -51.642151,4.052221,0.000000 -51.647644,4.211108,0.000000 -51.735535,4.359009,0.000000 -51.713562,4.397349,0.000000 -51.768494,4.452117,0.000000 -51.790466,4.605445,0.000000 -51.905823,4.671147,0.000000 -51.944275,4.463070,0.000000 -51.982727,4.539737,0.000000 -52.010193,4.693047,0.000000 -52.213440,4.862743,0.000000 -52.262878,4.884636,0.000000 -52.290344,4.961257,0.000000 -52.339783,4.901056,0.000000 -52.455139,5.005036,0.000000 -52.526550,5.081643,0.000000 -52.608948,5.147298,0.000000 -52.779236,5.300468,0.000000 -52.927551,5.420789,0.000000 -52.966003,5.453600,0.000000 -53.053894,5.459068,0.000000 -53.108826,5.480940,0.000000 -53.158264,5.535618,0.000000 -53.279114,5.568423,0.000000 -53.317566,5.541086,0.000000 -53.487854,5.579357,0.000000 -53.542786,5.623093,0.000000 -53.603210,5.612159,0.000000 -53.757019,5.699622,0.000000 -53.943787,5.787071,0.000000

[Limites XY]
-37.306036,7.578754 -37.418464,7.384964 -37.442748,7.221396 -37.604944,7.029916 -37.733062,6.929507 -37.908049,6.766702 -37.994805,6.634583 -38.025503,6.470328 -38.081392,6.235099 -37.990630,6.035511 -38.054025,5.923201 -38.046708,5.778425 -37.973241,5.500612 -37.902894,5.461299 -37.967014,5.319885 -37.890352,5.258757 -37.751232,4.971620 -37.585989,4.784859 -37.489102,4.687521 -37.548511,4.639469 -37.546514,4.502681 -37.638864,4.340510 -37.812054,4.130412 -37.817647,3.741061 -37.932398,3.528006 -38.061757,3.300474 -38.158488,3.201850 -38.270267,3.081727 -38.195219,2.898797 -38.008125,2.858103 -37.826970,2.882641 -37.721204,2.779146 -37.668390,2.878831 -37.508808,2.925400 -37.492833,2.989785 -37.340456,3.043514 -37.274185,3.106500 -37.033394,2.978467 -36.847589,2.959617 -36.723212,3.071030 -36.590471,2.946272 -36.635009,2.875877 -36.384777,2.891436 -36.179714,2.822569 -36.084097,2.955573 -35.846424,3.084854 -35.669712,3.335746 -35.688870,3.414252 -35.523433,3.749634 -35.392942,4.078151 -35.275575,4.208599 -35.061965,4.469504 -34.919623,4.703987 -34.837564,4.827651 -34.690914,4.983800 -34.607940,5.128087 -34.458239,5.185267 -34.456915,5.388641 -34.560922,5.582523 -34.530765,5.630336 -34.597730,5.703476 -34.616890,5.900916 -34.760181,5.991857 -34.821509,5.727513 -34.866199,5.828007 -34.892166,6.026194 -35.141576,6.256530 -35.203473,6.287793 -35.233711,6.388034 -35.300932,6.313813 -35.442040,6.455104 -35.528545,6.558507 -35.629860,6.648690 -35.837983,6.858147 -36.020114,7.024270 -36.067208,7.069516 -36.180026,7.083064 -36.249212,7.115457 -36.308862,7.189997 -36.462340,7.241681 -36.514095,7.209127 -36.731345,7.271871 -36.799045,7.333011 -36.878158,7.323489 -37.070630,7.449561 -37.306036,7.578754
